99
266
113
393
423
494
253
254
256
255
432
17
84
20
441
310
482
415
28
377
440
357
157
257
454
342
60
482
451
258
444
35
168
314
418
233
499
122
190
214
247
219
28
124
248
251
133
267
168
483
462
19
31
104
191
300
37
14
45
86
465
320
153
203
319
107
123
56
1
72
483
370
367
156
354
227
156
8
297
301
307
97
143
43
396
289
168
237
482
255
243
161
121
182
36
168
258
445
19
436
396
380
66
71
177
239
461
450
104
244
202
42
276
298
398
295
383
13
170
48
204
284
179
377
258
483
14
143
497
487
256
282
172
156
50
374
450
345
461
146
136
458
499
84
67
333
432
230
84
181
236
404
416
199
309
88
472
415
191
150
266
243
499
327
265
290
291
173
429
426
238
297
149
246
214
298
75
257
366
60
193
96
6
493
216
248
421
291
412
221
438
230
327
9
79
38
178
484
391
387
315
370
207
485
279
261
291
116
424
275
461
442
485
370
467
357
148
370
180
293
361
490
426
284
379
95
249
32
82
409
90
80
192
189
291
22
461
436
292
476
106
39
77
310
332
110
195
7
365
356
143
125
63
258
381
107
70
284
117
368
205
197
99
466
255
489
322
5
337
288
363
234
381
332
340
352
484
428
131
270
162
173
472
23
104
92
426
262
485
272
299
249
16
380
280
296
439
296
372
208
243
310
255
305
248
266
467
206
292
76
466
172
354
89
328
438
464
344
84
106
163
405
407
262
148
266
58
143
377
233
373
421
396
472
337
150
131
132
73
207
474
296
470
83
398
45
375
127
462
498
326
60
396
304
362
152
232
177
125
365
202
68
150
283
45
333
261
72
278
297
204
67
20
445
78
166
488
121
496
243
490
397
472
44
124
335
31
111
361
114
6
110
422
237
236
392
112
498
149
83
360
291
346
144
435
55
378
316
223
300
6
123
20
142
80
282
349
374
262
487
410
137
358
203
396
140
123
449
354
484
190
125
347
259
307
370
69
16
203
180
210
27
300
480
438
294
283
191
130
306
158
438
354
449
359
91
453
47
266
40
67
359
489
311
205
322
90
282
309
335
7
245
324
28
385
194
73
360
167
224
189
144
354
245
68
310
84
457
24
149
142
272
391
481
295
224
99
311
451
277
